           name     mass   radius  density        g    v_esc        a    Tsurf      Teq
                    (EU)     (EU)     (EU)     (EU)     (EU)     (AU)      (K)      (K)
--------------------------------------------------------------------------------------
          Earth        1        1        1        1        1        1      288      254
           Mars    0.107     0.53     0.71     0.38     0.45     1.52      227      210
        Mercury   0.0553     0.38     0.98     0.38     0.38     0.39      440      434
           Moon   0.0123     0.27      0.6     0.17     0.21        1      220      255
          Venus    0.815     0.95     0.95      0.9     0.93     0.72      730      232
             Io    0.015     0.29     0.64     0.18     0.23      5.2      130      112
        Jupiter      318    10.97     0.24     2.64     5.38      5.2      152      110
          Titan   0.0225      0.4     0.34     0.14     0.24     9.54       94       83
       GJ 581 g      3.1     1.36     1.22     1.67     1.51     0.15      278      248
       GJ 581 b     15.6     3.14     0.51     1.59     2.23     0.04      499      469
     HD 96167 b  216.126     9.36     0.26     2.47     4.81      1.3      334      304
      WASP-26 b  324.188    14.81      0.1     1.48     4.68     0.04     1321     1291
