Planet        mass  radius density       g      ve       a   Tsurf     Teq    ESIi    ESIs    ESIg
                Name        (EU)    (EU)    (EU)    (EU)    (EU)    (AU)     (K)     (K)                        
================================================================================================================
            GJ 581 g       3.100    1.36    1.22    1.67    1.51    0.15    278.    248.   0.901   0.877   0.889
            GJ 581 d       5.600    1.60    1.36    2.18    1.87    0.22    232.    202.   0.849   0.643   0.739
            GJ 581 c       5.600    1.60    1.36    2.18    1.87    0.07    380.    350.   0.849   0.583   0.703
          HD 69830 d      18.434    3.36    0.49    1.63    2.34    0.63    312.    282.   0.636   0.747   0.689
            55 Cnc f      45.768    4.91    0.39    1.90    3.06    0.78    310.    280.   0.536   0.703   0.614
            61 Vir d      22.884    3.68    0.46    1.69    2.50    0.48    375.    345.   0.612   0.555   0.583
            GJ 581 e       1.700    1.16    1.10    1.27    1.21    0.03    591.    561.   0.954   0.297   0.532
         HIP 57050 b      94.714    6.64    0.32    2.15    3.78    0.16    250.    220.   0.464   0.602   0.528
            mu Ara d     165.876    8.38    0.28    2.36    4.45    0.92    327.    297.   0.413   0.588   0.493
            HD 142 b     327.367   11.12    0.24    2.65    5.43    1.00    286.    256.   0.357   0.657   0.484
            GJ 581 b      15.600    3.14    0.51    1.59    2.23    0.04    499.    469.   0.656   0.353   0.481
          HD 37124 b     203.412    9.13    0.27    2.44    4.72    0.53    332.    302.   0.395   0.564   0.472
          HD 96167 b     216.126    9.36    0.26    2.47    4.81    1.30    334.    304.   0.390   0.555   0.465
         HD 108874 b     432.251   12.49    0.22    2.77    5.89    1.05    294.    264.   0.336   0.632   0.460
            GJ 581 f       7.000    2.16    0.70    1.51    1.80    0.76    139.    109.   0.790   0.267   0.459
         HD 210277 b     390.933   11.98    0.23    2.73    5.72    1.10    275.    245.   0.343   0.614   0.459
         HD 147513 b     317.832   10.99    0.24    2.63    5.38    1.26    263.    233.   0.359   0.586   0.459
          HD 69830 c      12.078    2.82    0.54    1.52    2.07    0.19    549.    519.   0.686   0.304   0.457
         HD 188015 b     400.468   12.10    0.23    2.74    5.76    1.19    274.    244.   0.341   0.608   0.456
         HD 142415 b     514.888   13.43    0.21    2.85    6.19    1.05    288.    258.   0.323   0.639   0.454
         HD 114729 b     260.622   10.12    0.25    2.55    5.08    2.08    245.    215.   0.375   0.537   0.448
          HD 82943 b     556.206   13.87    0.21    2.89    6.34    1.19    287.    257.   0.318   0.631   0.448
          HD 34445 b     251.087    9.96    0.25    2.53    5.02    2.07    240.    210.   0.378   0.522   0.444
         HD 216435 b     400.468   12.10    0.23    2.74    5.76    2.56    264.    234.   0.341   0.577   0.444
            61 Vir c      18.212    3.34    0.49    1.63    2.33    0.22    541.    511.   0.638   0.303   0.440
           HD 3651 b      63.566    5.63    0.36    2.01    3.36    0.28    450.    420.   0.502   0.381   0.437
          HD 11964 c     193.877    8.95    0.27    2.42    4.66    3.34    221.    191.   0.399   0.468   0.432
           HD 4203 b     657.912   14.87    0.20    2.97    6.65    1.16    299.    269.   0.306   0.594   0.426
          HD 30562 b     410.003   12.22    0.22    2.75    5.80    2.30    251.    221.   0.340   0.534   0.426
         HD 170469 b     212.947    9.30    0.26    2.46    4.79    2.24    219.    189.   0.391   0.459   0.424
            mu Ara b     532.686   13.62    0.21    2.87    6.26    1.50    262.    232.   0.321   0.558   0.423
           GJ 1214 b       5.689    2.71    0.29    0.77    1.45    0.01    548.    518.   0.542   0.329   0.423
         HD 216770 b     206.591    9.19    0.27    2.45    4.74    0.46    383.    353.   0.394   0.452   0.422
          HD 16141 b      73.101    5.96    0.34    2.06    3.50    0.35    462.    432.   0.489   0.361   0.420
          HD 10647 b     295.584   10.66    0.24    2.60    5.27    2.03    228.    198.   0.365   0.476   0.417
         kappa CrB b     572.097   14.03    0.21    2.91    6.39    2.70    319.    289.   0.316   0.548   0.416
         HIP 14810 d     181.164    8.70    0.28    2.40    4.57    1.89    206.    176.   0.405   0.421   0.413
          HD 73534 b     365.507   11.65    0.23    2.70    5.60    3.15    230.    200.   0.348   0.474   0.406
         HD 134987 b     505.353   13.33    0.21    2.85    6.16    0.81    339.    309.   0.324   0.506   0.405
         HD 164922 b     114.419    7.18    0.31    2.22    3.99    2.11    185.    155.   0.446   0.367   0.404
         HD 153950 b     867.681   16.69    0.19    3.12    7.21    1.28    304.    274.   0.288   0.565   0.403
         HIP 14810 c     406.825   12.18    0.23    2.74    5.78    0.55    358.    328.   0.340   0.475   0.402
         HD 196885 b     820.006   16.30    0.19    3.09    7.10    2.37    267.    237.   0.291   0.551   0.401
          HD 37124 d     198.327    9.03    0.27    2.43    4.69    1.64    202.    172.   0.397   0.404   0.400
         HD 171028 b     581.632   14.13    0.21    2.91    6.42    1.29    337.    307.   0.314   0.504   0.398
         HD 208487 b     143.024    7.88    0.29    2.30    4.26    0.49    440.    410.   0.426   0.371   0.397
           HD 5319 b     616.594   14.48    0.20    2.94    6.53    1.75    334.    304.   0.310   0.508   0.397
          HD 12661 b     731.013   15.54    0.19    3.03    6.86    0.83    324.    294.   0.299   0.523   0.395
          HD 92788 b    1226.831   19.27    0.17    3.30    7.98    0.97    290.    260.   0.266   0.586   0.395
         HD 205739 b     435.430   12.53    0.22    2.78    5.90    0.90    362.    332.   0.335   0.463   0.394
         HD 125612 b    1017.062   17.83    0.18    3.20    7.56    1.20    273.    243.   0.277   0.559   0.394
          HD 19994 b     533.957   13.63    0.21    2.87    6.26    1.42    348.    318.   0.320   0.483   0.393
          HD 73526 c     794.579   16.09    0.19    3.07    7.03    1.05    323.    293.   0.293   0.521   0.391
           HD 4208 b     254.265   10.01    0.25    2.54    5.04    1.70    205.    175.   0.377   0.405   0.391
           HD 9446 c     578.454   14.10    0.21    2.91    6.41    0.65    346.    316.   0.315   0.484   0.391
         HD 114783 b     314.653   10.94    0.24    2.63    5.36    1.20    213.    183.   0.360   0.423   0.390
            55 Cnc c      53.714    5.24    0.37    1.95    3.20    0.24    535.    505.   0.519   0.285   0.385
          HD 16175 b    1398.460   20.35    0.17    3.38    8.29    2.10    283.    253.   0.258   0.571   0.384
          HD 45350 b     568.919   14.00    0.21    2.90    6.38    1.92    231.    201.   0.316   0.460   0.381
          HD 75898 b     797.758   16.11    0.19    3.07    7.04    1.19    338.    308.   0.293   0.488   0.378
          HD 82943 c     638.842   14.69    0.20    2.96    6.60    0.75    354.    324.   0.308   0.463   0.378
          HD 23079 b     829.541   16.38    0.19    3.09    7.12    1.65    246.    216.   0.291   0.489   0.377
         HD 183263 b    1172.799   18.91    0.17    3.28    7.88    1.52    264.    234.   0.269   0.524   0.375
          HD 99492 b      34.644    4.37    0.42    1.81    2.82    0.12    590.    560.   0.566   0.246   0.373
          16 Cyg B b     533.957   13.63    0.21    2.87    6.26    1.68    221.    191.   0.320   0.430   0.371
         HD 175541 b     193.877    8.95    0.27    2.42    4.66    1.03    461.    431.   0.399   0.334   0.365
          HD 28185 b    1811.641   22.67    0.16    3.53    8.94    1.03    279.    249.   0.243   0.547   0.365
          HD 20868 b     632.485   14.63    0.20    2.96    6.58    0.95    223.    193.   0.309   0.430   0.364
         HD 154857 b     572.097   14.03    0.21    2.91    6.39    1.20    381.    351.   0.316   0.417   0.363
         HD 108874 c     323.553   11.07    0.24    2.64    5.41    2.68    195.    165.   0.358   0.367   0.362
         HD 177830 b     406.825   12.18    0.23    2.74    5.78    1.00    407.    377.   0.340   0.386   0.362
          HD 95089 b     381.398   11.85    0.23    2.71    5.67    1.51    419.    389.   0.345   0.371   0.358
             6 Lyn b     762.796   15.82    0.19    3.05    6.95    2.20    368.    338.   0.296   0.430   0.357
         HD 136418 b     635.664   14.66    0.20    2.96    6.59    1.32    382.    352.   0.308   0.412   0.356
         HD 213240 b    1430.243   20.54    0.16    3.39    8.35    2.03    256.    226.   0.257   0.493   0.356
         HD 148427 b     305.119   10.80    0.24    2.61    5.32    0.93    443.    413.   0.362   0.344   0.353
         HD 180902 b     508.531   13.36    0.21    2.85    6.17    1.39    407.    377.   0.324   0.379   0.351
           HD 8574 b     670.625   14.99    0.20    2.98    6.69    0.77    386.    356.   0.305   0.403   0.350
           CoRoT-9 b     266.979   11.78    0.16    1.92    4.76    0.41    407.    377.   0.297   0.409   0.349
          HD 40979 b    1055.201   18.10    0.18    3.22    7.64    0.81    358.    328.   0.275   0.436   0.346
           HD 4308 b      12.872    2.89    0.53    1.54    2.11    0.12    731.    701.   0.678   0.174   0.344
          HD 11506 b    1093.341   18.37    0.18    3.24    7.72    2.43    231.    201.   0.273   0.433   0.344
          HD 12661 c     498.996   13.26    0.21    2.84    6.14    2.56    198.    168.   0.325   0.361   0.343
         HD 128311 b     692.873   15.20    0.20    3.00    6.75    1.10    208.    178.   0.302   0.383   0.340
          HD 52265 b     359.150   11.56    0.23    2.69    5.58    0.49    458.    428.   0.350   0.321   0.335
          HD 10697 b    2027.767   23.75    0.15    3.59    9.24    2.16    254.    224.   0.237   0.471   0.334
         HD 196050 b     953.495   17.35    0.18    3.17    7.41    2.50    217.    187.   0.282   0.396   0.334
           HD 6434 b     152.559    8.10    0.29    2.33    4.34    0.15    532.    502.   0.420   0.265   0.334
         HD 167042 b     508.531   13.36    0.21    2.85    6.17    1.30    433.    403.   0.324   0.343   0.333
         HD 222582 b    2463.196   25.76    0.14    3.71    9.78    1.35    263.    233.   0.227   0.488   0.333
          HD 23596 b    2285.211   24.96    0.15    3.67    9.57    2.72    258.    228.   0.231   0.478   0.332
         HD 231701 b     343.258   11.35    0.24    2.67    5.50    0.53    467.    437.   0.353   0.311   0.332
          HD 86264 b    2224.823   24.69    0.15    3.65    9.50    2.86    256.    226.   0.232   0.474   0.332
          HD 33564 b    2892.269   27.53    0.14    3.82   10.25    1.10    306.    276.   0.218   0.503   0.331
         HD 169830 c    1284.040   19.64    0.17    3.33    8.09    3.60    226.    196.   0.263   0.412   0.329
         HD 181342 b    1048.845   18.06    0.18    3.22    7.62    1.78    383.    353.   0.276   0.392   0.329
          HD 50499 b     543.492   13.74    0.21    2.88    6.29    3.86    190.    160.   0.319   0.336   0.327
          HD 73526 b     921.712   17.11    0.18    3.15    7.34    0.66    400.    370.   0.284   0.370   0.324
         HD 216437 b     667.447   14.96    0.20    2.98    6.68    2.70    195.    165.   0.305   0.343   0.323
         HD 192263 b     228.839    9.58    0.26    2.49    4.89    0.15    521.    491.   0.385   0.266   0.320
         HD 114386 b     394.111   12.02    0.23    2.73    5.73    1.65    174.    144.   0.343   0.298   0.319
          HD 38801 b    3400.800   29.45    0.13    3.92   10.75    1.70    311.    281.   0.210   0.483   0.319
           HD 2039 b    1557.376   21.28    0.16    3.44    8.56    2.20    224.    194.   0.252   0.400   0.317
         HD 206610 b     699.230   15.25    0.20    3.01    6.77    1.68    438.    408.   0.302   0.327   0.314
          HD 89744 b    2539.476   26.08    0.14    3.73    9.87    0.89    338.    308.   0.225   0.438   0.314
          30 Ari B b    3140.178   28.49    0.14    3.87   10.50    0.99    326.    296.   0.214   0.454   0.312
         HD 202206 c     775.510   15.92    0.19    3.06    6.98    2.55    191.    161.   0.295   0.329   0.312
          HD 37124 c     217.079    9.38    0.26    2.47    4.81    3.19    153.    123.   0.390   0.248   0.311
          HD 69830 b      10.488    2.66    0.56    1.48    1.99    0.08    828.    798.   0.703   0.137   0.311
           HD 7924 b       9.217    1.84    1.48    2.73    2.24    0.06    875.    845.   0.805   0.119   0.310
         HD 190360 c      18.116    3.34    0.49    1.63    2.33    0.13    780.    750.   0.638   0.150   0.309
          HD 89307 b     565.741   13.97    0.21    2.90    6.37    3.27    177.    147.   0.316   0.297   0.307
         HD 141937 b    3082.968   28.28    0.14    3.86   10.45    1.52    245.    215.   0.215   0.431   0.304
          HD 73267 b     972.565   17.50    0.18    3.18    7.46    2.20    191.    161.   0.280   0.322   0.301
          HAT-P-13 c    4608.561   33.42    0.12    4.13   11.75    1.19    315.    285.   0.196   0.460   0.300
          HD 50554 b    1557.376   21.28    0.16    3.44    8.56    2.38    209.    179.   0.252   0.356   0.299
         HD 154672 b    1595.516   21.50    0.16    3.45    8.62    0.60    397.    367.   0.250   0.357   0.299
         HD 210702 b     635.664   14.66    0.20    2.96    6.59    1.17    474.    444.   0.308   0.288   0.298
         HD 169830 b     915.356   17.06    0.18    3.14    7.33    0.81    444.    414.   0.284   0.312   0.298
         HD 190360 b     477.383   13.01    0.22    2.82    6.06    3.92    165.    135.   0.329   0.267   0.296
          HD 39091 b    3289.559   29.05    0.13    3.90   10.65    3.29    240.    210.   0.212   0.413   0.296
         HD 212771 b     731.013   15.54    0.19    3.03    6.86    1.22    465.    435.   0.299   0.293   0.296
         HD 202206 b    5530.273   36.06    0.12    4.25   12.39    0.83    313.    283.   0.188   0.457   0.293
          HD 11964 b      34.961    4.39    0.41    1.82    2.82    0.23    758.    728.   0.565   0.151   0.292
          HD 72659 b     940.782   17.26    0.18    3.16    7.39    4.16    183.    153.   0.282   0.300   0.291
         HD 117618 b      56.574    5.36    0.37    1.97    3.25    0.18    714.    684.   0.514   0.164   0.290
           HD 4313 b     731.013   15.54    0.19    3.03    6.86    1.19    477.    447.   0.299   0.281   0.290
         HD 192699 b     794.579   16.09    0.19    3.07    7.03    1.16    471.    441.   0.293   0.285   0.289
         HD 134987 c     260.622   10.12    0.25    2.55    5.08    5.80    145.    115.   0.375   0.223   0.289
         HD 117207 b     654.733   14.84    0.20    2.97    6.64    3.78    166.    136.   0.306   0.260   0.282
         HD 102117 b      54.667    5.28    0.37    1.96    3.22    0.15    753.    723.   0.518   0.148   0.277
           HD 9446 b     222.482    9.47    0.26    2.48    4.85    0.19    618.    588.   0.388   0.194   0.275
         HD 106252 b    2164.434   24.41    0.15    3.63    9.42    2.61    197.    167.   0.234   0.315   0.271
         HD 128311 c    1020.240   17.85    0.18    3.20    7.56    1.76    171.    141.   0.277   0.265   0.271
          HD 13931 b     597.524   14.29    0.20    2.93    6.47    5.15    156.    126.   0.313   0.235   0.271
            mu Ara e     576.547   14.08    0.21    2.91    6.40    5.24    154.    124.   0.315   0.232   0.270
          HD 70642 b     635.664   14.66    0.20    2.96    6.59    3.30    157.    127.   0.308   0.237   0.270
          HD 74156 c    2552.189   26.14    0.14    3.74    9.88    3.85    201.    171.   0.225   0.321   0.269
         HD 187123 c     632.485   14.63    0.20    2.96    6.58    4.89    155.    125.   0.309   0.233   0.268
          HD 62509 b     921.712   17.11    0.18    3.15    7.34    1.69    500.    470.   0.284   0.254   0.268
          HD 38529 c    5625.623   36.31    0.12    4.27   12.45    3.69    234.    204.   0.187   0.379   0.266
         HD 183263 c    1214.117   19.19    0.17    3.30    7.96    4.25    170.    140.   0.267   0.257   0.262
            mu Ara c      10.555    2.67    0.56    1.49    1.99    0.09    974.    944.   0.702   0.097   0.262
         HD 145377 b    1830.711   22.76    0.16    3.53    8.97    0.45    454.    424.   0.243   0.281   0.261
           CoRoT-7 c       8.391    1.79    1.46    2.62    2.17    0.05   1042.   1012.   0.813   0.083   0.259
          HD 33283 b     104.884    6.93    0.32    2.19    3.89    0.17    737.    707.   0.454   0.147   0.258
            61 Vir b       5.085    1.56    1.34    2.09    1.81    0.05   1093.   1063.   0.857   0.077   0.258
            81 Cet b    1684.508   21.99    0.16    3.48    8.76    2.50    473.    443.   0.247   0.265   0.256
            18 Del b    3273.667   28.99    0.13    3.90   10.63    2.60    427.    397.   0.212   0.296   0.250
           HD 1461 b       7.596    1.74    1.43    2.50    2.09    0.06   1086.   1056.   0.822   0.076   0.250
         HD 168443 c    5752.755   36.65    0.12    4.28   12.53    2.91    214.    184.   0.186   0.329   0.247
           rho CrB b     330.545   11.17    0.24    2.65    5.44    0.22    650.    620.   0.356   0.170   0.246
         HD 217107 c     791.401   16.06    0.19    3.07    7.02    5.27    144.    114.   0.294   0.198   0.241
         HD 179079 b      25.427    3.84    0.45    1.72    2.57    0.11    956.    926.   0.600   0.095   0.239
       HD 178911 B b    1999.798   23.62    0.15    3.59    9.21    0.32    502.    472.   0.238   0.235   0.236
          HAT-P-11 b      25.744    5.07    0.20    1.00    2.25    0.05    823.    793.   0.401   0.135   0.233
          HD 87883 b     565.741   13.97    0.21    2.90    6.37    3.60    130.    100.   0.316   0.170   0.232
            14 Her b    1474.739   20.81    0.16    3.41    8.42    2.77    150.    120.   0.255   0.203   0.227
         HD 224693 b     225.661    9.53    0.26    2.49    4.87    0.23    749.    719.   0.387   0.133   0.227
         HD 139357 b    3102.038   28.35    0.14    3.86   10.46    2.36    487.    457.   0.215   0.237   0.226
          HD 74156 b     597.524   14.29    0.20    2.93    6.47    0.29    650.    620.   0.313   0.162   0.225
         HD 131664 b    5768.647   36.69    0.12    4.28   12.54    3.17    187.    157.   0.186   0.263   0.221
            70 Vir b    2364.669   25.32    0.15    3.69    9.67    0.48    525.    495.   0.229   0.213   0.221
          HD 30177 b    2914.517   27.62    0.14    3.82   10.28    3.86    163.    133.   0.218   0.221   0.220
            55 Cnc b     261.893   10.14    0.25    2.55    5.08    0.12    760.    730.   0.374   0.128   0.219
          HD 17156 b    1020.876   11.48    0.67    7.75    9.43    0.16    830.    800.   0.526   0.088   0.215
         HD 130322 b     343.258   11.35    0.24    2.67    5.50    0.09    749.    719.   0.353   0.128   0.213
            55 Cnc d    1218.885   19.22    0.17    3.30    7.97    5.77    133.    103.   0.266   0.165   0.209
          HD 49674 b      36.551    4.47    0.41    1.83    2.86    0.06   1035.   1005.   0.560   0.078   0.209
            55 Cnc e       7.628    1.74    1.44    2.51    2.09    0.04   1300.   1270.   0.821   0.051   0.204
         HD 108147 b      82.954    6.28    0.33    2.10    3.63    0.10    969.    939.   0.476   0.084   0.201
          HD 11977 b    2078.620   24.00    0.15    3.61    9.31    1.93    599.    569.   0.236   0.169   0.200
             GJ 86 b    1274.505   19.58    0.17    3.32    8.07    0.11    663.    633.   0.264   0.145   0.196
         HD 114762 b    3502.506   29.82    0.13    3.94   10.84    0.30    564.    534.   0.209   0.180   0.194
          HAT-P-15 b     618.501   12.03    0.36    4.27    7.17    0.10    852.    822.   0.413   0.091   0.194
         HD 168443 b    2549.011   26.12    0.14    3.73    9.88    0.30    604.    574.   0.225   0.164   0.192
         HD 168746 b      73.101    5.96    0.34    2.06    3.50    0.07   1049.   1019.   0.489   0.072   0.187
         HD 102195 b     143.024    7.88    0.29    2.30    4.26    0.05    993.    963.   0.426   0.077   0.181
            GJ 179 b     260.622   10.12    0.25    2.55    5.08    2.41     89.     59.   0.375   0.084   0.177
           WASP-10 b     972.565   12.12    0.55    6.62    8.96    0.04    977.    947.   0.483   0.064   0.175
           CoRoT-6 b     940.782   13.08    0.42    5.50    8.48    0.09    960.    930.   0.431   0.067   0.170
           CoRoT-7 b       4.799    1.68    1.01    1.69    1.69    0.02   1685.   1655.   0.917   0.029   0.163
          HD 46375 b      79.140    6.16    0.34    2.08    3.58    0.04   1181.   1151.   0.481   0.055   0.162
          HD 81688 b     858.146   16.61    0.19    3.11    7.19    0.81    870.    840.   0.288   0.087   0.158
            42 Dra b    1233.187   19.31    0.17    3.31    7.99    1.19    827.    797.   0.266   0.094   0.158
         HD 195019 b    1175.978   18.94    0.17    3.28    7.88    0.14    835.    805.   0.269   0.092   0.157
            14 And b    1525.593   21.10    0.16    3.43    8.51    0.83    803.    773.   0.253   0.098   0.157
          HD 32518 b     966.209   17.45    0.18    3.17    7.44    0.59    871.    841.   0.281   0.086   0.155
         HD 217107 b     422.716   12.37    0.22    2.76    5.85    0.07    998.    968.   0.337   0.069   0.153
         HD 162020 b    4370.187   32.69    0.13    4.09   11.57    0.07    701.    671.   0.198   0.116   0.152
          HD 38529 b     247.909    9.91    0.25    2.52    5.00    0.13   1114.   1084.   0.379   0.057   0.147
          HD 76700 b      62.613    5.59    0.36    2.00    3.35    0.05   1332.   1302.   0.504   0.043   0.146
         HD 219828 b      20.977    3.55    0.47    1.67    2.43    0.05   1516.   1486.   0.621   0.034   0.146
           HAT-P-3 b     190.381    9.99    0.19    1.91    4.37    0.04   1082.   1052.   0.333   0.063   0.145
          HD 83443 b     127.133    7.51    0.30    2.26    4.12    0.04   1247.   1217.   0.436   0.047   0.143
            11 UMi b    3337.234   29.22    0.13    3.91   10.69    1.54    787.    757.   0.211   0.095   0.141
       OGLE-TR-111 b     171.629   12.09    0.10    1.18    3.77    0.05    965.    935.   0.231   0.084   0.140
          Kepler-4 b      24.473    4.01    0.38    1.52    2.47    0.05   1505.   1475.   0.558   0.035   0.139
          HAT-P-12 b      67.063   10.76    0.05    0.58    2.50    0.04    906.    876.   0.177   0.108   0.138
         HIP 14810 b    1233.187   19.31    0.17    3.31    7.99    0.07    950.    920.   0.266   0.070   0.136
            51 Peg b     148.745    8.01    0.29    2.32    4.31    0.05   1289.   1259.   0.422   0.043   0.134
         HD 102272 b    1875.207   22.99    0.15    3.55    9.03    0.61    908.    878.   0.241   0.074   0.134
          HD 68988 b     603.880   14.35    0.20    2.93    6.49    0.07   1083.   1053.   0.312   0.056   0.132
              XO-5 b     410.361   12.22    0.22    2.75    5.80    0.05   1164.   1134.   0.340   0.049   0.130
           CoRoT-4 b     228.839   13.35    0.10    1.28    4.14    0.09   1006.    976.   0.223   0.075   0.130
         HD 189733 b     365.507   12.92    0.17    2.19    5.32    0.03   1143.   1113.   0.295   0.053   0.125
            WASP-7 b     305.119   10.27    0.28    2.89    5.45    0.06   1292.   1262.   0.392   0.040   0.125
           WASP-16 b     271.746   11.31    0.19    2.12    4.90    0.04   1222.   1192.   0.320   0.047   0.122
         HD 187123 b     165.273    8.37    0.28    2.36    4.44    0.04   1384.   1354.   0.413   0.036   0.122
          HD 75289 b     133.489    7.66    0.30    2.28    4.18    0.05   1431.   1401.   0.432   0.034   0.121
            WASP-2 b     269.204   11.70    0.17    1.97    4.80    0.03   1212.   1182.   0.301   0.048   0.120
              XO-1 b     286.049   13.29    0.12    1.62    4.64    0.05   1136.   1106.   0.251   0.056   0.118
          HD 88133 b      69.923    5.85    0.35    2.04    3.46    0.05   1583.   1553.   0.493   0.028   0.118
       OGLE-TR-113 b     394.111   12.46    0.20    2.54    5.63    0.02   1255.   1225.   0.324   0.042   0.117
         HD 185269 b     298.762   10.71    0.24    2.61    5.28    0.08   1333.   1303.   0.364   0.037   0.117
              XO-2 b     181.164   10.92    0.14    1.52    4.07    0.04   1234.   1204.   0.281   0.048   0.116
           HAT-P-2 b    2777.850   13.35    1.17   15.58   14.43    0.07   1398.   1368.   0.544   0.024   0.115
          HD 73256 b     594.345   14.26    0.21    2.92    6.46    0.04   1256.   1226.   0.313   0.040   0.112
         HD 149026 b     113.148    6.85    0.35    2.41    4.07    0.04   1635.   1605.   0.476   0.025   0.109
         HD 179949 b     301.940   10.76    0.24    2.61    5.30    0.04   1429.   1399.   0.363   0.032   0.107
          HAT-P-16 b    1332.669   14.46    0.44    6.37    9.60    0.04   1516.   1486.   0.427   0.023   0.099
          HAT-P-14 b     699.230   13.47    0.29    3.86    7.21    0.06   1477.   1447.   0.367   0.027   0.099
           HAT-P-1 b     166.544   13.66    0.07    0.89    3.49    0.06   1213.   1183.   0.183   0.052   0.098
           WASP-22 b     177.986   12.57    0.09    1.13    3.76    0.05   1330.   1300.   0.219   0.041   0.095
           CoRoT-2 b    1052.023   16.44    0.24    3.89    8.00    0.03   1436.   1406.   0.321   0.028   0.094
          HD 86081 b     476.748   13.01    0.22    2.82    6.06    0.04   1517.   1487.   0.329   0.027   0.093
           WASP-26 b     324.188   14.81    0.10    1.48    4.68    0.04   1321.   1291.   0.221   0.039   0.093
              XO-3 b    3747.237   13.66    1.47   20.09   16.57    0.05   1592.   1562.   0.504   0.017   0.093
           WASP-14 b    2455.251   14.13    0.87   12.30   13.19    0.04   1721.   1691.   0.538   0.015   0.091
       OGLE-TR-182 b     336.902   16.50    0.08    1.24    4.52    0.05   1265.   1235.   0.187   0.044   0.091
           HAT-P-5 b     336.902   14.14    0.12    1.69    4.88    0.04   1437.   1407.   0.244   0.032   0.089
            WASP-5 b     520.291   13.14    0.23    3.01    6.29    0.03   1614.   1584.   0.336   0.023   0.087
         HD 209458 b     203.412   15.49    0.05    0.85    3.63    0.05   1344.   1314.   0.162   0.041   0.081
          Kepler-6 b     212.629   14.85    0.06    0.96    3.79    0.05   1404.   1374.   0.179   0.036   0.081
           tau Boo b    1239.544   19.36    0.17    3.31    8.01    0.05   1545.   1515.   0.265   0.023   0.079
          HAT-P-13 b     270.157   14.36    0.09    1.31    4.34    0.04   1535.   1505.   0.213   0.029   0.078
           HAT-P-9 b     247.909   15.71    0.06    1.00    3.97    0.05   1428.   1398.   0.174   0.035   0.078
           HAT-P-6 b     335.948   14.92    0.10    1.51    4.75    0.05   1560.   1530.   0.222   0.027   0.077
           CoRoT-5 b     148.427   15.58    0.04    0.61    3.09    0.05   1347.   1317.   0.136   0.042   0.076
          Kepler-5 b     671.896   16.06    0.16    2.61    6.47    0.05   1683.   1653.   0.273   0.020   0.075
           HAT-P-4 b     216.126   14.25    0.07    1.06    3.90    0.04   1573.   1543.   0.194   0.028   0.073
           HAT-P-8 b     483.104   16.83    0.10    1.71    5.36    0.05   1588.   1558.   0.215   0.025   0.073
       OGLE-TR-211 b     238.374   14.14    0.08    1.19    4.11    0.05   1612.   1582.   0.206   0.026   0.073
           CoRoT-3 b    6884.236   11.33    4.73   53.60   24.65    0.06   1585.   1555.   0.337   0.015   0.072
       OGLE-TR-132 b     371.863   14.03    0.13    1.89    5.15    0.03   1842.   1812.   0.259   0.018   0.067
          Kepler-8 b     191.653   15.92    0.05    0.76    3.47    0.05   1550.   1520.   0.149   0.030   0.067
            WASP-3 b     654.733   16.32    0.15    2.46    6.34    0.03   1845.   1815.   0.262   0.016   0.066
           WASP-15 b     172.265   16.02    0.04    0.67    3.28    0.05   1542.   1512.   0.140   0.030   0.065
          Kepler-7 b     137.621   16.59    0.03    0.50    2.88    0.06   1454.   1424.   0.117   0.036   0.065
            WASP-4 b     356.448   15.89    0.09    1.41    4.74    0.02   1745.   1715.   0.205   0.020   0.065
        OGLE-TR-10 b     216.126   19.30    0.03    0.58    3.35    0.04   1415.   1385.   0.112   0.037   0.064
           WASP-19 b     365.507   14.70    0.12    1.69    4.99    0.02   1857.   1827.   0.237   0.017   0.064
            WASP-1 b     273.335   16.65    0.06    0.99    4.05    0.04   1651.   1621.   0.165   0.024   0.064
           WASP-18 b    3314.985   13.07    1.48   19.40   15.93    0.02   2218.   2188.   0.508   0.008   0.063
        OGLE-TR-56 b     413.181   13.47    0.17    2.28    5.54    0.02   2074.   2044.   0.291   0.013   0.061
           CoRoT-1 b     327.367   16.72    0.07    1.17    4.43    0.03   1765.   1735.   0.180   0.020   0.060
           HAT-P-7 b     572.097   15.95    0.14    2.25    5.99    0.04   1981.   1951.   0.256   0.014   0.060
           WASP-17 b     155.738   19.53    0.02    0.41    2.83    0.05   1533.   1503.   0.092   0.032   0.054
           WASP-12 b     448.143   20.09    0.06    1.11    4.73    0.02   2331.   2301.   0.152   0.010   0.039